  101 ! (c) 2018 Oklahoma Climatological Survey and the Oklahoma Mesonet - all rights reserved
  21 2018 04 13 00 00 00
 STID  STNM  TIME   RELH   TAIR   WSPD   WVEC  WDIR   WDSD   WSSD   WMAX    RAIN     PRES  SRAD   TA9M   WS2M   TS10   TB10   TS05   TS25   TS60    TR05    TR25    TR60
 ACME   110     0     40   29.7   11.9   11.7   163    8.5    1.7   15.5    0.00   952.78   152   29.6    9.6   20.1   23.7   22.9   15.6   13.4    1.83    1.52    1.49
 ADAX     1     0     58   25.0    8.6    8.3   174   14.5    2.2   14.1    0.00   967.55   147   24.9    6.3   17.6   24.3   18.3   15.8   -998    1.53    1.52    -998
 ALTU     2     0     22   34.3   12.9   12.9   165    6.0    1.6   15.9    0.00   947.79   163   34.0   10.3   20.6   23.3   21.1   17.1   -998    3.35    2.47    -998
 ALV2   116     0     18   33.7    7.7    7.6   182    7.2    1.8   11.6    0.00   941.62   143   34.1    6.1   15.7   24.2   17.3   13.6   -998    1.97    1.75    -998
 ANT2   135     0     52   25.6    6.2    6.0   164   14.5    1.8    9.9    0.00   984.24   136   25.5    4.9   17.2   20.2   18.1   15.1   14.0    1.54    1.40    1.34
 APAC   111     0     40   29.8   12.5   12.4   164    7.1    1.8   16.8    0.00   947.38   155   29.9    9.0   18.8   24.8   23.8   16.4   13.1    1.61    1.45    1.84
 ARD2   126     0     59   25.4    9.3    9.2   176    9.1    1.9   14.9    0.00   970.89   146   25.2    7.6   21.3   24.0   22.8   16.6   14.9    1.75    1.43    1.55
 ARNE     6     0      4   34.8    9.6    9.4   225    9.6    2.2   15.0    0.00   913.18   215   34.7    6.4   24.7   27.9   26.5   18.2   14.1    3.03    2.31    2.52
 BEAV     8     0      6   33.1    9.8    9.7   230    6.7    1.5   13.5    0.00   906.99   129   33.4    6.7   22.7   22.4   -999   16.9   13.3    3.12    2.66    2.70
 BESS     9     0     26   32.7   11.6   11.6   163    7.3    1.9   17.0    0.00   936.81   169   32.4    9.2   23.7   25.7   26.2   16.8   -998    3.61    3.79    -998
 BIXB    10     0     54   25.5   11.4   11.3   176    6.2    1.5   15.2    0.00   979.08   133   25.6    9.7   15.3   19.6   17.2   11.8   11.2    1.76    1.46    1.52
 BLAC    11     0     42   28.6   11.3   11.2   168    6.8    1.2   13.7    0.00   960.08   133   28.7    9.5   12.6   21.1   14.8   11.4   10.6    2.61    1.89    1.50
 BOIS    12     0      7   29.4   12.9   12.8   227    7.1    1.5   16.4    0.00   855.07   269   29.2   10.1   16.6   21.1   16.8   13.6   11.6    3.87    3.46    2.79
 BOWL    13     0     58   24.9    7.8    7.6   177   12.8    1.7   11.9    0.00   968.89    55   25.0    6.1   20.4   24.3   21.0   16.5   13.7    1.78    1.32    1.39
 BREC    14     0     44   28.5   10.6   10.5   164    8.0    1.8   15.2    0.00   954.93    82   28.6    8.0   16.8   23.8   17.3   13.1   11.3    2.51    3.04    2.77
 BRIS    15     0     56   25.4    8.6    8.4   180   13.6    2.1   14.0    0.00   972.46   144   25.5    6.7   15.7   20.6   16.1   12.8   11.7    1.56    1.56    1.44
 BROK   124     0     50   26.0    3.4    3.2   167   20.8    1.1    6.8    0.00   992.93   118   26.4    2.9   18.8   20.7   18.0   -998   -998    1.43    -998    -998
 BUFF    16     0      4   35.9    9.5    9.3   220   11.3    2.1   15.6    0.00   928.17   213   35.9    6.4   21.9   25.1   23.9   16.6   13.9    3.42    2.34    2.44
 BURB    17     0     48   27.2    8.7    8.5   169   11.6    1.7   13.3    0.00   962.17    81   27.4    6.1   16.9   22.1   18.5   -998   -998    2.48    -998    -998
 BURN    18     0     61   25.8    6.4    6.2   168   16.5    2.4   14.1    0.00   975.86   150   25.9    4.9   22.3   26.0   21.3   17.2   15.2    1.75    1.71    1.58
 BUTL    19     0      7   35.7    9.4    9.3   195    7.1    1.2   13.2    0.00   935.03   183   35.9    6.6   18.4   26.0   22.5   15.2   12.2    2.97    2.73    2.50
 BYAR    20     0     61   24.7   10.0    9.9   173    9.3    1.5   13.5    0.00   961.55   145   24.6    8.1   17.2   23.2   18.1   15.1   13.0    1.41    1.38    1.53
 CAMA    22     0      4   35.8   11.1   11.0   217    7.5    2.0   14.5    0.00   926.85   202   36.0    8.3   17.3   26.6   19.3   15.0   -998    2.59    2.07    -998
 CARL   131     0     45   28.6   10.2    9.9   173   12.6    2.4   16.4    0.00   962.79   152   28.6    8.7   17.5   25.4   -999   14.2   12.0    2.23    1.49    1.52
 CENT    23     0     57   25.6    7.6    7.4   179   11.9    2.1   11.7    0.00   978.16   134   25.6    6.4   17.1   19.9   18.4   14.4   13.1    1.55    1.39    1.53
 CHAN    24     0     53   26.1    9.8    9.5   165   12.7    1.9   14.8    0.00   966.03   142   26.0    8.1   18.0   20.5   19.0   14.7   -998    1.46    1.38    -998
 CHER    25     0     33   31.4   11.1   10.9   162   10.6    1.9   15.4    0.00   950.64   142   31.3    9.2   19.5   24.9   19.2   14.9   12.5    2.06    2.14    2.43
 CHEY    26     0      5   35.3    8.9    8.7   228   11.1    1.8   13.5    0.00   916.68   200   35.3    7.4   20.1   24.6   25.7   17.3   14.1    3.90    3.37    3.38
 CHIC    27     0     44   29.4    9.6    9.6   158    6.7    1.2   12.3    0.00   960.21   147   29.7    7.0   15.4   26.1   16.3   -998   -998    1.42    -998    -998
 CLAY    29     0     48   26.1    5.8    5.4   176   21.5    2.2   12.1    0.00   981.66   172   26.1    5.1   19.1   20.4   18.4   -998   -998    1.58    -998    -998
 CLOU    30     0     51   25.4    5.4    5.0   185   19.9    1.9   10.7    0.00   979.59    83   25.7    4.2   19.0   19.5   20.4   16.0   -998    1.46    1.49    -998
 COOK    31     0     51   25.0    4.8    4.7   162   11.2    1.1    7.3    0.00   968.05   114   25.1    3.3   18.0   19.4   18.4   -998   -998    2.01    -998    -998
 COPA    32     0     51   25.8   11.1   11.1   181    7.2    1.6   14.3    0.00   969.16    64   25.9    9.3   18.9   22.5   20.5   14.4   11.4    1.89    1.44    1.43
 DURA    33     0     53   25.6    9.2    9.0   166   10.3    2.3   13.9    0.00   980.59   131   25.6    7.0   17.7   19.7   19.3   15.7   14.1    1.38    1.35    1.35
 ELKC   139     0      7   35.9   10.7   10.6   212    6.2    1.6   14.5    0.00   928.30   187   36.2    7.8   17.9   27.5   19.2   15.5   13.0    2.68    2.20    2.15
 ELRE    34     0     42   29.1   10.6   10.5   160    5.3    1.6   14.0    0.00   948.93   162   29.2    8.5   17.0   23.9   19.3   13.2   11.4    3.09    2.75    1.93
 ERIC    35     0      7   35.6   12.2   12.1   221    7.9    1.5   16.3    0.00   926.57   183   35.8    8.9   25.0   28.6   26.3   20.2   15.4    1.89    1.69    2.17
 EUFA    36     0     55   25.0   10.2   10.1   185    8.5    1.4   15.0    0.00   978.92   121   25.3    7.8   15.8   20.1   17.6   13.7   12.4    1.52    1.45    1.36
 EVAX   141     0      6   30.8   14.0   13.9   229    7.2    1.9   19.5    0.00   875.04   185   30.8    8.9   19.9   21.5   18.6   13.0   11.5    3.86    2.59    3.65
 FAIR    37     0     26   32.0   10.4   10.3   177    8.6    2.8   19.6    0.00   947.04    39   32.4    7.8   16.8   23.9   16.3   15.2   12.3    1.78    1.55    2.47
 FITT   127     0     60   24.6   10.4   10.3   176    9.7    2.1   15.4    0.00   961.70   138   24.7    8.2   18.2   23.1   21.5   15.3   13.4    2.32    1.59    1.46
 FORA    38     0     51   26.2   11.2   11.1   167    7.0    1.2   13.9    0.00   959.28   141   26.2    8.2   18.2   23.9   21.0   13.7   11.4    2.14    1.45    1.42
 FREE    39     0      5   35.0   13.4   13.3   230    6.7    1.2   15.9    0.00   931.70    86   35.6    9.5   25.2   25.5   26.3   15.5   13.0    2.72    3.39    3.79
 FTCB    40     0     29   31.3   11.6   11.5   166    6.8    1.5   14.7    0.00   948.35   162   31.6    8.8   20.7   25.4   23.0   17.7   14.6    1.62    1.58    1.76
 GOOD    41     0      8   31.3   12.6   12.6   236    6.7    1.7   18.4    0.00   882.14   234   31.2    9.2   19.9   23.7   20.7   14.6   12.4    3.89    2.47    2.50
 GRA2   117     0     35   31.4   10.0    9.9   167    6.3    1.4   13.2    0.00   957.89   163   32.2    6.7   18.8   24.6   22.5   15.5   14.2    1.81    1.43    1.45
 GUTH    43     0     46   28.6   10.4   10.3   173    9.4    2.1   15.1    0.00   958.94   156   28.6    8.7   18.7   24.2   21.2   16.0   -998    2.30    1.74    -998
 HASK    44     0     58   25.0   10.1   10.0   176    6.4    1.6   14.1    0.00   980.05   132   25.2    7.8   13.9   19.0   16.2   12.1   11.2    1.45    1.41    1.37
 HECT   113     0     57   24.7    8.1    8.0   180   12.6    1.8   12.1    0.00   972.60   130   24.9    6.2   17.4   19.2   18.3   14.0   12.6    1.44    1.42    1.43
 HINT    45     0     31   30.8   13.1   13.1   164    6.4    1.6   16.4    0.00   939.97   171   30.7   10.2   22.3   25.6   24.0   16.9   14.0    2.94    1.58    1.82
 HOBA    46     0     28   31.9   13.0   12.9   169    5.6    1.6   17.4    0.00   941.69   156   32.0    9.1   17.5   23.3   23.6   15.9   13.0    3.47    3.54    2.91
 HOLD   134     0     58   25.1   10.9   10.7   184   10.2    2.4   14.9    0.00   969.02   140   25.1    9.0   17.4   22.6   18.4   14.4   12.6    1.45    1.38    1.40
 HOLL    47     0      8   36.4   10.0    9.9   225    7.5    1.5   12.7    0.00   938.51   154   36.5    7.4   23.6   23.6   26.8   17.9   15.3    3.86    3.45    2.54
 HOOK    48     0      7   32.5   11.8   11.7   218    7.0    2.3   16.5    0.00   890.71   259   32.4    8.6   17.4   22.3   19.5   14.6   13.0    3.60    3.64    3.83
 HUGO    49     0     51   25.5    8.3    8.2   170    9.6    1.5   12.5    0.00   984.42   131   25.6    6.3   18.4   19.5   19.0   15.3   -998    1.40    1.47    -998
 IDAB    50     0     49   25.8    9.6    9.5   181    8.6    1.4   12.4    0.00   993.21   110   26.5    7.7   19.8   19.6   19.8   16.2   -998    1.59    1.36    -998
 INOL   120     0     56   25.0   11.5   11.5   183    6.6    1.9   17.3    0.00   978.89   131   25.1    8.9   14.6   17.8   15.4   12.7   10.8    1.51    1.39    1.47
 JAYX    51     0     49   25.8    7.7    7.4   186   16.9    2.0   12.0    0.00   965.80   127   25.8    6.1   13.4   20.3   15.1   11.5   -998    1.60    1.42    -998
 KENT    52     0      7   28.8   11.7   11.6   232    6.9    2.0   17.4    0.00   849.14   306   28.6    8.9   18.7   21.5   20.5   15.0   -998    3.75    3.26    -998
 KETC    53     0     54   27.5    9.8    9.6   160    7.9    2.2   15.0    0.00   960.08   152   27.3    7.6   18.7   23.8   21.1   16.3   13.9    1.99    1.37    1.54
 KIN2   133     0     40   29.8   12.5   12.4   172    7.2    1.6   16.7    0.00   958.42   162   30.0   10.1   16.7   25.1   16.5   14.7   12.7    3.87    2.90    3.24
 LAHO    55     0     37   29.4   10.3   10.2   169    8.8    2.1   16.9    0.00   949.22   107   29.7    7.4   14.6   21.4   15.8   12.2   10.8    1.83    2.03    2.75
 LANE    56     0     54   25.6    6.6    6.4   167   12.2    1.6   10.5    0.00   982.63   145   25.6    5.6   19.1   19.8   20.0   16.0   13.8    1.58    1.43    1.44
 MADI    57     0     59   25.7    6.1    6.0   175   11.6    1.5   10.6    0.00   975.28   154   25.9    5.1   19.8   22.1   20.7   -998   -998    1.66    -998    -998
 MANG    58     0      8   37.1    8.8    8.7   225    9.1    1.0   11.7    0.00   942.58   107   37.4    6.2   23.0   27.9   24.1   17.4   -998    -999    -999    -998
 MARE    59     0     46   28.1   10.4   10.2   172    9.1    1.5   14.0    0.00   959.44   151   28.0    9.0   16.7   23.6   17.6   14.1   12.3    1.72    1.60    1.60
 MAYR    61     0      5   35.9   10.9   10.8   228    8.1    2.2   15.6    0.00   928.74   198   35.9    8.3   17.4   24.0   19.9   13.8   11.4    2.04    2.59    3.13
 MCAL    62     0     53   25.5    7.1    6.8   184   18.8    1.7   10.6    0.00   976.12   130   25.6    5.1   19.0   20.8   -999   16.9   -998    1.31    1.39    -998
 MEDF    63     0     42   29.2   11.9   11.8   162    7.7    2.1   16.4    0.00   955.82   143   29.0    8.9   14.0   21.9   15.8   -998   -998    1.47    -998    -998
 MEDI    64     0     29   31.1   11.0   10.8   170    9.2    1.6   14.8    0.00   941.98   170   31.3    7.8   24.2   28.1   24.7   18.2   -998    3.23    2.40    -998
 MIAM    65     0     52   25.4    7.9    7.8   182   10.4    1.1   11.1    0.00   971.35   114   25.9    6.2   15.8   18.2   15.9   12.6   10.6    1.40    1.60    1.49
 MINC    66     0     44   29.0   12.8   12.7   161    6.3    1.4   17.0    0.00   948.34   158   28.8   10.8   20.9   24.7   22.9   14.8   -998    2.13    2.06    -998
 MRSH   125     0     42   29.4   10.5   10.4   171    8.8    2.0   15.2    0.00   959.93   157   29.4    8.2   18.4   22.6   17.4   14.2   -998    2.92    2.31    -998
 MTHE    67     0     51   24.8    6.3    6.1   173   12.2    1.4   10.4    0.00   972.93    46   25.2    5.1   16.5   19.1   16.6   -998   -998    1.45    -998    -998
 NEWK    68     0     45   27.5   11.3   11.2   172    7.5    1.4   15.0    0.00   954.05   124   27.5    8.8   17.2   22.5   18.5   13.6   11.3    2.04    1.45    1.89
 NEWP   123     0     61   25.2   10.9   10.7   168    9.4    2.2   14.6    0.00   968.87   145   25.0    8.7   15.6   23.4   16.8   -998   -998    1.49    -998    -998
 NOWA    70     0     54   25.1    9.4    9.3   176    8.1    1.6   13.2    0.00   975.21   138   25.3    7.4   13.2   22.2   14.8   11.4   10.4    2.32    1.48    1.49
 NRMN   121     0     52   27.4    8.1    7.9   163   13.7    1.8   12.1    0.00   958.24   148   27.5    7.1   17.6   23.3   18.5   14.3   12.9    2.00    1.47    1.47
 OILT    71     0     55   25.8    8.0    7.9   165   12.3    1.8   13.6    0.00   969.57    88   25.9    6.7   16.8   21.6   17.7   14.2   11.9    1.59    1.61    1.59
 OKCE   130     0     50   27.7    6.4    6.1   161   19.7    2.0   11.9    0.00   957.71   153   27.7    5.3   21.1   27.3   24.3   18.1   14.3    2.03    1.75    1.55
 OKCN   128     0     49   27.9    8.4    8.2   166   13.1    2.2   15.3    0.00   956.48   145   28.0    7.0   18.2   22.4   20.8   14.6   12.8    3.33    3.12    1.89
 OKEM    72     0     60   24.6    9.1    9.0   180   11.5    1.6   13.7    0.00   971.03   103   24.9    7.2   18.0   18.7   19.2   14.9   -998    1.47    1.50    -998
 OKMU    73     0     55   25.4    6.8    6.7   182   12.6    1.7   10.6    0.00   977.80   131   25.6    5.4   16.1   19.4   17.3   13.2   -998    1.48    1.56    -998
 PAUL    74     0     59   25.8    8.6    8.4   166   12.7    2.1   12.8    0.00   967.14   147   25.6    5.7   19.5   23.0   20.9   16.1   14.0    1.72    1.54    1.59
 PAWN    75     0     48   27.2   11.6   11.4   169    8.9    2.3   16.1    0.00   965.28   115   27.2    9.4   19.1   21.3   19.3   14.2   12.3    2.54    3.16    1.58
 PERK    76     0     50   27.3    9.7    9.6   167    8.4    1.7   13.7    0.00   964.16   144   27.2    7.7   20.2   24.1   19.5   14.6   12.3    2.32    1.81    1.46
 PORT   118     0     56   25.2   10.1   10.0   177    9.0    1.6   13.5    0.00   979.12   126   25.3    8.4   15.8   19.0   16.2   13.5   11.8    1.45    1.40    1.54
 PRYO    77     0     53   25.2   10.6   10.5   186    7.0    1.9   15.4    0.00   977.19   134   25.4    7.6   14.8   18.9   16.0   12.7   -998    1.53    1.42    -998
 PUTN    78     0      9   34.2    9.8    9.7   182    7.2    1.6   13.1    0.00   927.68   193   34.3    7.1   16.4   23.6   -999   13.4   12.5    3.59    1.96    3.46
 REDR    79     0     46   27.9   11.7   11.6   168    8.0    1.9   16.3    0.00   962.68    31   28.2    9.0   17.4   23.0   17.4   13.2   11.7    1.92    1.38    1.35
 RING    81     0     59   26.5   11.5   11.4   156    7.2    1.8   16.2    0.00   967.84   147   26.6    9.0   16.9   25.4   18.3   15.1   -998    1.92    1.62    -998
 SALL    82     0     47   26.1    5.6    5.4   166   11.9    1.2    8.5    0.00   985.09   115   26.4    4.1   19.0   20.3   21.2   15.8   12.8    1.50    1.34    1.36
 SEIL    83     0      6   36.0   11.1   11.0   213    6.2    1.3   14.9    0.00   931.38   222   36.0    8.6   18.5   22.7   20.3   16.1   13.6    2.22    2.23    3.38
 SHAW    84     0     57   25.6    8.6    8.4   166   11.0    1.5   13.2    0.00   962.51   165   25.6    7.1   17.4   24.1   18.0   14.2   12.3    1.76    1.49    1.43
 SKIA    85     0     53   25.4    9.4    9.2   184   10.3    2.0   13.6    0.00   966.32   114   25.4    7.7   18.6   22.6   18.3   13.9   12.2    1.84    1.57    1.60
 SLAP    86     0      5   33.4   12.2   12.1   213    6.3    1.6   16.3    0.00   906.01   161   33.5    8.1   22.8   26.0   25.4   17.3   14.2    3.88    2.10    2.11
 SPEN    87     0     51   27.3   10.2    9.9   168   13.8    2.0   15.8    0.00   955.62   154   27.2    8.0   21.5   25.3   22.8   18.2   14.2    1.84    1.57    1.44
 STIG    88     0     49   25.9    8.3    8.2   179    6.9    1.3   12.0    0.00   982.33   122   26.6    6.2   18.2   20.2   18.9   14.5   12.5    1.57    1.35    1.34
 STIL    89     0     45   28.3    8.1    7.9   168   12.7    1.8   12.7    0.00   965.91   151   28.1    6.7   17.5   22.3   19.0   14.6   12.0    2.49    1.82    1.48
 STUA    90     0     56   24.9    9.9    9.7   178   11.7    2.0   15.6    0.00   972.49   129   25.0    8.3   17.8   20.1   20.1   15.1   13.1    1.49    1.37    1.41
 SULP    91     0     61   24.8   10.3   10.2   168    8.6    2.1   17.0    0.00   964.69   136   24.8    8.5   19.8   23.1   20.6   -998   -998    2.00    -998    -998
 TAHL    92     0     52   25.3    8.1    8.0   169    9.5    1.7   12.2    0.00   968.69   119   25.5    6.4   16.4   19.4   18.7   -998   -998    1.85    -998    -998
 TALA   138     0     55   25.3    9.9    9.8   178    5.8    1.0   12.7    0.00   972.89   146   25.4    8.0   14.3   20.7   16.3   11.9   10.6    1.37    1.40    1.47
 TALI    93     0     45   26.1   10.3   10.1   177   11.3    2.2   15.3    0.00   980.48   164   26.2    7.9   18.4   19.2   18.9   15.4   -998    1.35    1.39    -998
 TIPT    94     0     24   33.4   11.1   11.0   167    7.9    1.4   14.7    0.00   951.71   175   33.5    8.5   19.9   26.3   20.6   15.6   14.1    3.03    2.68    2.24
 TISH    95     0     59   25.1   10.2   10.1   166    8.0    1.5   14.4    0.00   971.28   140   25.0    7.9   18.8   20.9   18.7   15.6   -998    1.45    1.55    -998
 TULN   137     0     53   25.9    9.5    9.2   181   12.9    2.3   14.6    0.00   975.66   136   26.0    7.5   18.1   21.0   20.4   14.8   12.5    1.98    1.42    1.42
 VALL   140     0     52   25.6    7.2    7.1   172    9.6    1.3   10.3    0.00   991.56    53   26.2    6.0   16.9   20.1   18.6   15.3   14.4    1.47    1.42    1.41
 VINI    97     0     56   25.0    9.3    9.3   192    6.9    0.9   11.9    0.00   972.68   123   25.1    7.0   16.5   17.5   16.4   12.3   10.4    1.85    1.37    1.41
 WAL2   136     0     42   29.9   10.6   10.6   172    5.3    1.0   14.2    0.00   960.68   160   30.3    9.0   18.4   27.3   19.5   16.0   14.2    2.30    1.45    1.44
 WASH    99     0     54   27.0   10.1   10.0   160    8.6    1.7   14.3    0.00   960.00   154   26.9    8.3   18.6   -999   21.1   15.6   13.6    1.65    1.45    1.38
 WATO   100     0     30   31.0   11.0   10.9   170    7.2    1.6   15.3    0.00   936.57   176   30.9    8.4   18.0   23.2   19.5   15.2   12.7    2.26    2.30    2.23
 WAUR   101     0     50   29.2    8.8    8.6   151   10.3    1.9   13.8    0.00   966.65   152   28.9    6.6   18.1   26.7   19.0   15.8   13.7    1.88    1.45    1.47
 WEAT   102     0     29   31.2   13.0   12.9   164    6.7    1.6   16.3    0.00   934.16   174   31.0    9.7   20.8   27.4   23.8   15.5   -998    3.66    3.39    -998
 WEBR   132     0     45   27.0    6.8    6.7   183    8.5    1.0    8.7    0.00   985.59   124   27.0    5.9   15.4   20.7   16.2   13.0   12.2    1.38    1.36    1.58
 WEST   104     0     49   25.0    7.4    7.1   185   15.9    2.0   12.3    0.00   962.49   117   25.2    5.8   16.6   22.2   17.8   13.6   -998    2.22    1.49    -998
 WILB   105     0     50   25.6    9.1    9.0   187   11.4    2.2   14.4    0.00   979.94   132   25.9    7.0   16.5   18.5   18.0   14.4   12.8    1.44    1.40    1.41
 WIST   106     0     46   26.2    9.3    9.1   188   11.8    2.0   13.1    0.00   987.09   140   26.5    7.0   17.3   19.6   18.9   14.2   12.7    1.40    1.49    1.46
 WOOD   107     0      4   35.6    8.8    8.7   228    9.0    1.2   11.5    0.00   922.72   208   35.8    6.2   19.4   25.4   21.9   16.9   14.0    3.63    3.25    3.78
 WYNO   108     0     54   25.9   11.8   11.7   175    7.5    1.4   15.2    0.00   967.03    72   25.9    9.9   21.1   22.5   22.2   14.6   -998    2.09    1.66    -998